=====
x0 = {11.000000 1.000000 1.000000}
alpha = 1.000000
beta = 0.500000
c = 0.500000
epsilon = 0.001000
=====
===== k = 1
x[1] = {12.031090 1.481126 1.996988}
f(x) = -14.194217
p = {1.031090 0.481126 0.996988}
alpha = 1.000000
=====
===== k = 2
x[2] = {13.093734 1.485725 2.993677}
f(x) = -16.304389
p = {1.062644 0.004599 0.996688}
alpha = 1.000000
=====
===== k = 3
x[3] = {14.133269 1.629813 3.990077}
f(x) = -18.387791
p = {1.039536 0.144088 0.996400}
alpha = 1.000000
=====
===== k = 4
x[4] = {15.167460 1.656645 4.986129}
f(x) = -20.438943
p = {1.034191 0.026832 0.996052}
alpha = 1.000000
=====
===== k = 5
x[5] = {16.177281 1.760279 5.981799}
f(x) = -22.445326
p = {1.009821 0.103634 0.995670}
alpha = 1.000000
=====
===== k = 6
x[6] = {17.161006 1.793456 6.977016}
f(x) = -24.378070
p = {0.983725 0.033178 0.995217}
alpha = 1.000000
=====
===== k = 7
x[7] = {18.081675 1.871582 7.971719}
f(x) = -26.163439
p = {0.920669 0.078126 0.994703}
alpha = 1.000000
=====
===== k = 8
x[8] = {18.852839 1.901223 8.965809}
f(x) = -27.604340
p = {0.771165 0.029640 0.994090}
alpha = 1.000000
=====
===== k = 9
x[9] = {19.130724 1.951025 9.959187}
f(x) = -28.601524
p = {0.277885 0.049802 0.993379}
alpha = 1.000000
=====
===== k = 10
x[10] = {18.847015 1.932868 10.951711}
f(x) = -29.574337
p = {-0.283709 -0.018157 0.992524}
alpha = 1.000000
=====
===== k = 11
x[11] = {19.135709 1.921564 11.943230}
f(x) = -30.566902
p = {0.288694 -0.011303 0.991519}
alpha = 1.000000
=====
===== k = 12
x[12] = {18.833774 1.959548 12.933523}
f(x) = -31.531781
p = {-0.301935 0.037984 0.990293}
alpha = 1.000000
=====
===== k = 13
x[13] = {19.142455 1.890734 13.922274}
f(x) = -32.519490
p = {0.308681 -0.068815 0.988750}
alpha = 1.000000
=====
===== k = 14
x[14] = {18.816574 1.982252 14.909156}
f(x) = -33.473525
p = {-0.325881 0.091518 0.986883}
alpha = 1.000000
=====
===== k = 15
x[15] = {19.149309 1.859284 15.893516}
f(x) = -34.453861
p = {0.332736 -0.122968 0.984360}
alpha = 1.000000
=====
===== k = 16
x[16] = {18.798818 2.000117 16.874790}
f(x) = -35.392978
p = {-0.350491 0.140833 0.981274}
alpha = 1.000000
=====
===== k = 17
x[17] = {19.154948 1.830025 17.851564}
f(x) = -36.359571
p = {0.356130 -0.170092 0.976773}
alpha = 1.000000
=====
===== k = 18
x[18] = {18.783735 2.011703 18.822602}
f(x) = -37.275197
p = {-0.371213 0.181678 0.971038}
alpha = 1.000000
=====
===== k = 19
x[19] = {19.158660 1.806733 19.784493}
f(x) = -38.212412
p = {0.374925 -0.204970 0.961891}
alpha = 1.000000
=====
===== k = 20
x[20] = {18.773428 2.015915 20.733588}
f(x) = -39.080090
p = {-0.385232 0.209182 0.949095}
alpha = 1.000000
=====
===== k = 21
x[21] = {19.160370 1.791569 21.659627}
f(x) = -39.941935
p = {0.386942 -0.224347 0.926039}
alpha = 1.000000
=====
===== k = 22
x[22] = {18.768374 2.011489 22.546689}
f(x) = -40.673045
p = {-0.391996 0.219920 0.887062}
alpha = 1.000000
=====
===== k = 23
x[23] = {19.160229 1.783148 23.346773}
f(x) = -41.268897
p = {0.391855 -0.228341 0.800084}
alpha = 1.000000
=====
===== k = 24
x[24] = {18.964203 1.889013 23.642753}
f(x) = -41.456217
p = {-0.392053 0.211730 0.591961}
alpha = 0.500000
=====
===== k = 25
x[25] = {19.015943 1.905997 23.846283}
f(x) = -41.522211
p = {0.103480 0.033968 0.407060}
alpha = 0.500000
=====
===== k = 26
x[26] = {19.017887 1.907773 23.942932}
f(x) = -41.534132
p = {0.003888 0.003553 0.193298}
alpha = 0.500000
=====
===== k = 27
x[27] = {19.017856 1.906719 23.966420}
f(x) = -41.534752
p = {-0.000062 -0.002108 0.046976}
alpha = 0.500000
=====
===== k = 28
x[28] = {19.017810 1.906290 23.969023}
f(x) = -41.534760
p = {-0.000093 -0.000857 0.005206}
alpha = 0.500000
=====
